26 16
42 16
58 16
74 16
27 17
41 17
59 17
73 17
28 18
40 18
60 18
72 18
29 19
39 19
61 19
71 19
30 20
38 20
62 20
70 20
31 21
37 21
63 21
69 21
32 22
36 22
64 22
68 22
33 23
35 23
65 23
67 23
34 24
66 24
34 25
66 25
34 26
66 26
34 27
66 27
34 28
66 28
34 29
66 29
34 30
66 30
34 31
66 31
34 32
66 32
35 33
65 33
36 34
64 34
37 35
63 35
38 36
62 36
39 37
61 37
40 38
60 38
41 39
59 39
42 40
58 40
43 41
57 41
44 42
56 42
45 43
55 43
46 44
54 44
47 45
53 45
48 46
52 46
49 47
51 47
50 48
50 49
50 50
50 51
50 52
50 53
50 54
50 55
50 56
50 57
50 58
50 59
50 60
50 61
50 62
50 63
